kP=0.00005
kI=0.000005
kD=0

#OFF = 0, PROPORTIONAL = 1, CONSTANT = 2
feedForwardType=1
kFF=5700

deadband=100