kP=0.00006
kI=0.000005
kD=0.00000025

#OFF = 0, PROPORTIONAL = 1, CONSTANT = 2
feedForwardType=1
kFF=5800

deadband=0